171.8229818		129.6998958		125.6850391		1
105.8725		97.81969907		81.68631944		1
102.6601801		98.21001638		80.86424672		1
86.39744792		72.46536458		63.30263021		1
126.3064815		1.390185185		2.069675926		1
173.5867479		80.15337137		71.30877853		1
183.8919401		93.96908854		20.84791667		1
228.4811187		171.7681066		30.52770483		1
144.0493521		111.4530361		108.3369792		1
175.9594484		119.6588468		127.8716696		1
98.01200606		81.04244242		71.46815152		1
177.3882027		174.902688		174.0446453		1
54.06884115		69.28559896		26.77402344		1
93.03689815		52.82798611		41.04483796		1
55.90709746		34.94928496		32.15243644		1
97.93925781		56.31653646		56.65065104		1
122.1269227		80.208		        92.99008533		1
161.2752853		99.17336533		99.90709333		1
135.0316517		81.03496096		55.79178378		1
164.1256518		92.51790037		89.59313315		1
91.74244267		1.658933333		3.793178667		1
88.84207031		20.48809896		20.48170573		1
128.2065509		62.51377315		63.84599537		1
166.178208		112.6327307		109.722592		1
202.0857297		184.3362763		174.17003		1
121.673989		103.3322873		86.34086134		1
172.8416293		173.0942265		160.5822309		1
168.1083723		96.5040109		113.4964564		1
143.0886444		51.61320423		51.72946009		1
90.60572772		67.61063366		47.57141584		1
129.4525532		3.008297872		19.18427305		1
114.1527778		56.53384259		31.69905093		1
70.9105045		82.85884084		195.0812973		1
208.2791927		126.134388		78.75147135		1
190.0112073		20.62011797		23.9497741		1
118.7055035		46.94928819		40.9059375		1
179.8063608		74.44328457		58.41174645		1
158.0592318		89.90795573		79.78375		1
115.4421701		81.64489583		58.0196875		1
216.4032755		124.6691715		115.1291908		1
151.5617		108.2171		16.9731		2
130.3351		66.2579			2.1111		2
158.242			139.0872		45.273		2
139.6218		156.8413		119.1845	2
197.8424		162.8375		52.703		2
150.5658		143.1469		43.9743		2
173.7266		149.6671		33.0083		2
165.0742		109.6628		4.9272		2
166.3477		152.5323		48.2651		2
169.221			139.937			15.6376		2
160.8803		115.7532		88.2714		3
97.3099			84.8646			69.6345		3
184.31			177.6722		198.6391	3
142.2695		86.3859			64.3957		3
150.5319		106.8558		117.5797	3
122.0084		87.5883			142.8241	3
142.4139		92.7076			85.9803		3
183.9797		91.4503			88.4799		3
158.9151		116.4186		72.5572		3
192.8147		156.4951		171.417		3
135.5991		142.7714		121.7663	4
59.2812			86.7123			127.5686	4
101.1751		108.9521		8.1822		4
161.2252		136.7388		4.0552		4
137.5779		119.404			14.4137		4
122.0371		144.7658		108.7296	4
130.5384		157.7285		121.1877	4
148.42			143.6136		19.306		4
105.0113		111.9836		89.5021		4
133.735			127.647			41.0831		4
166.6629		143.2098		90.6934		5
97.704			101.6802		90.8963		5
92.3362			94.3163			83.9101		5
147.7485		143.8274		123.6801	5
82.3799			87.3927			85.3028		5
141.5519		135.9198		133.3994	5
113.9067		125.8011		90.2898		5
192.0446		189.853			144.4067	5
140.9618		139.2755		121.7329	5
121.004			113.5439		89.5118		5

